-1.325740586314218912e-03 -2.095181878962297257e-04 9.036578361669534787e-04 1.289128000000055573e-03 -1.821615999999999860e-02 1.310642999999999780e+00
-5.343575625861455907e-04 -3.425200612433675486e-04 7.433760478811632464e-04 -4.086529219550015632e-04 -2.451817121612580655e-02 1.314646110177570826e+00
1.322392138835045165e-03 -1.752821891039664471e-04 1.767324547404265167e-03 1.975557950106430777e-03 -1.752363983134911513e-02 1.316488760371490763e+00
-2.780794188645914814e-04 8.796926073189802414e-05 2.218359159024931504e-04 3.796990132084536972e-04 -2.290621024318995752e-02 1.319269713236342234e+00
-8.268370106718470579e-04 1.275320450224554612e-04 2.897164718331945066e-04 6.851347350833561674e-04 -2.098112592055061121e-02 1.320553361070563980e+00
-1.054405635020694027e-03 1.026599057977700766e-04 1.578632288023676476e-03 2.582721175022966234e-03 -2.206659103854191617e-02 1.327033895930406437e+00
-8.884267759958075364e-04 -1.815753738027994866e-04 -3.189359917539013960e-04 2.224908065367448701e-03 -2.324033463109331787e-02 1.330085452821226255e+00
1.716342593351528108e-03 -2.644189796513080342e-04 -5.529690110340954555e-04 1.925268636343841280e-03 -1.100466001744182520e-03 1.330907535772187344e+00
2.653812715084624078e-03 -1.011122157872685506e-04 -2.730025201371551451e-03 5.684530008604323989e-04 1.437851134842180190e-02 1.335064461740254060e+00
9.434750474903204212e-04 3.425584526164688498e-04 -3.443970450420918202e-03 -6.857080453336909451e-03 -2.032620316185174136e-03 1.337982297743083748e+00
-1.444403598952594743e-04 9.538346624977173322e-05 -2.418821523830964534e-03 -6.119433884181077823e-03 -2.107560794221222111e-02 1.338374889046336946e+00
-7.056908585312251982e-04 1.450408560999242756e-04 -1.227094836671506787e-03 -5.870249609909277723e-03 -3.213050367919723094e-02 1.350044242561056151e+00
-2.642342259797085535e-03 4.166952724800959077e-04 2.196556268664680463e-03 -5.486401902287895566e-03 -6.074369258169767805e-02 1.351040688772640053e+00
-2.228611891614606065e-03 2.349461435722552502e-04 3.891820305512579473e-03 -1.550978748223805887e-04 -5.584240245116289802e-02 1.351984579163673317e+00
2.167123667925737688e-03 -2.840967712570636517e-04 2.740103681921906773e-03 9.066644131737138998e-03 2.422538197803880688e-02 1.352605049429634221e+00
2.385119502557972882e-03 -1.914977046862293179e-04 1.480758783270162259e-03 2.520980394408246436e-03 2.446585465925715797e-02 1.355269926660884749e+00
1.512653916793189413e-03 6.612715384279520226e-04 -2.269642344303668142e-03 -1.831047201017228440e-02 3.185740544958681753e-03 1.364953986035143174e+00
-1.303228846956364876e-03 8.233996830223573636e-04 -2.990099840435148960e-03 -2.438063395916881260e-02 -5.414899159269470630e-02 1.365957325628944119e+00
-6.195421427001511841e-03 6.936070311559225160e-04 -1.299772532285482221e-03 -1.869331782992751656e-02 -1.710720201855407407e-01 1.374892832687059752e+00
-3.268113605014874795e-05 4.407444788929012667e-04 2.489162531031083748e-03 -7.475118571703654249e-03 -1.922009492576542966e-02 1.371605637810439760e+00
1.586669536595653731e-03 -3.978650285811037514e-04 4.290046967279773256e-03 1.594198478669421951e-02 1.979674923543034426e-02 1.375073982851624521e+00
2.571897090409748336e-03 3.512374213394546573e-05 5.941430153351439552e-04 2.063935053427136228e-03 4.955175616320967036e-02 1.376545523943285332e+00
2.293193651665722914e-03 4.118462587232004702e-04 2.439990682619936659e-04 -9.634606077592890866e-03 4.158582771644764309e-02 1.380794862658376587e+00
4.010301997557212694e-04 7.804924887452578414e-04 -3.312133402533115438e-03 -2.372667851347845525e-02 -1.341986187537536068e-02 1.385673280376813921e+00
2.110610551189129672e-03 3.988726830952026210e-04 -9.466868653227769430e-04 -1.092791081424051604e-02 4.103506185636029979e-02 1.383590898665175928e+00
4.604366651729540380e-04 -6.806445227551912369e-05 -8.954169756011089122e-04 4.628843799285036267e-03 -1.534824404931744990e-02 1.393269716231806399e+00
-2.304099371306061409e-03 -8.928216636128183652e-05 -6.540387249984975040e-05 5.113687950577105318e-03 -1.124069683197401748e-01 1.395900532888923351e+00
-1.601251915705058588e-03 -4.221604725302818134e-04 -7.677043487524026289e-04 1.882645196181530894e-02 -8.373308579198035506e-02 1.397125885098397191e+00
3.104565863560672400e-04 -2.287913142014752274e-05 -2.703500840049609475e-03 4.358779885898052958e-03 -1.214646612586656182e-02 1.395857752669883212e+00
1.746613928594558231e-04 1.399323451958595012e-04 -2.536970199963765969e-03 -1.447115680031876850e-03 -1.294688598354154507e-02 1.402921963306106079e+00
-5.176542307694227641e-04 1.029483969443164914e-05 -2.152138874199108123e-03 6.776181830253739935e-04 -4.804272193305647587e-02 1.406299419295386599e+00
-2.821650479522986731e-04 -2.675251403841029537e-04 -1.104662545877762225e-03 1.418104348455884178e-02 -3.527514198361203501e-02 1.407391903211134832e+00
4.143499057472329120e-04 -4.313397180611017200e-04 1.048645313016621696e-03 2.291320284702942633e-02 -5.707147266865719715e-03 1.409913546964588704e+00
6.261420523142487409e-04 -6.917405358004832328e-04 8.331648527600533883e-04 3.510541131042167751e-02 6.955250229149223529e-03 1.413511557212856928e+00
-7.407152653087299265e-04 -9.595876546561362937e-04 6.256694830420771788e-04 4.723709812110411105e-02 -5.633789400100597256e-02 1.415227490476183903e+00
-8.586885328692873531e-04 -1.002890802409632433e-03 -2.100341456536644516e-04 4.756286262300171014e-02 -6.396073234692079001e-02 1.421941596047304301e+00
-2.596558071469016907e-04 -1.063210788081860600e-03 -6.373816165380939225e-04 5.094716315815948915e-02 -3.441463334636740701e-02 1.422342357004538371e+00
3.787823975731440906e-04 -1.175655803940673641e-03 1.165858836848759686e-05 5.668369070862356446e-02 -1.738669298661288387e-03 1.426436579346990641e+00
-1.279396174411123266e-03 -1.109145948130351323e-03 -2.430957973998654057e-04 5.431225684843096757e-02 -8.540828260619082180e-02 1.427832694480386522e+00
-9.725161376198998347e-04 -7.957313219387470793e-04 1.387635749918947597e-03 3.686045244869712301e-02 -7.344278208115007089e-02 1.426682418082563686e+00
8.101600642652650476e-05 -6.368778081457380407e-04 1.495818167568226760e-03 2.963417726207112635e-02 -1.560789593038214296e-02 1.432024273049371743e+00
4.239897296494768474e-04 -6.198999040970403244e-04 2.285367733019595931e-03 2.927683131278743800e-02 3.512491802035500044e-03 1.429280713518259915e+00
-4.452205455868543096e-04 -7.281048030494596465e-05 1.344632654848859068e-03 -1.518885362820493468e-04 -4.342802255555799906e-02 1.427752161277624054e+00
-6.443234723936778086e-04 4.338039013127972039e-04 1.210068047008884540e-03 -3.031717451193919471e-02 -5.781213134333729187e-02 1.428960117061286894e+00
-6.353729803034917443e-04 3.867319967112451892e-04 1.020841233849027578e-03 -2.814197393964568139e-02 -5.866981486115507849e-02 1.424187465776888928e+00
4.239773230497423081e-04 4.366567823406976518e-04 1.932079172233694495e-03 -3.304659749848126021e-02 3.203451066133733427e-03 1.424452205913468106e+00
8.418316778179502297e-04 4.854731515840768796e-04 1.502086080732096705e-03 -3.389329651108370645e-02 3.302817287111126099e-02 1.420750894756629634e+00
5.694959948661602054e-04 6.484130553387621376e-04 -7.739073416925718355e-05 -4.506444200678279971e-02 1.542053756671735165e-02 1.418128568388439703e+00
-5.923769543175785689e-05 8.024920531699694312e-04 -1.739866798122980968e-03 -5.547496183876823861e-02 -2.439551350374546956e-02 1.413660802652501047e+00
-1.327780799677473738e-03 4.759061847451805864e-04 -2.835768214110784453e-03 -3.871407890928455636e-02 -1.157545732894056378e-01 1.411490069163036765e+00
-1.304337657850187333e-03 7.650304547994733490e-04 -3.664333309653781436e-03 -5.675678503234072442e-02 -1.118884978187195678e-01 1.412726967196732630e+00
-5.466103926509698974e-04 7.401234262112662329e-04 -3.651035030455379929e-03 -5.637500189551263030e-02 -5.896326168830534620e-02 1.409189040390756986e+00
3.988994844736855382e-04 6.407549577762664981e-04 -4.495185267847816475e-03 -4.801677103830467169e-02 1.087491212106628247e-02 1.400525617293411074e+00
4.902538798476071625e-04 6.995111900689462503e-04 -3.069136292594013340e-03 -5.238970986682735254e-02 1.857506114137130737e-02 1.403138624641130150e+00
2.739751342409939500e-04 6.849922823277883625e-04 -2.152425099468610777e-03 -5.519440219528037178e-02 -3.485775565089666017e-03 1.402353996332166730e+00
-1.283140782244756488e-04 3.374621432518956046e-04 -2.732174428562729983e-04 -2.668396024270563299e-02 -3.049752431276098186e-02 1.396130126580302999e+00
-1.608179445484120350e-04 1.625158151286875687e-04 1.235166085568882924e-03 -1.236175964431063951e-02 -3.250420242499907353e-02 1.393966648343791803e+00
9.533236921226646886e-04 -7.629074806188976591e-05 1.166079713713259703e-03 7.888474925755756262e-03 5.669424006656353932e-02 1.391692748432646454e+00
1.252382677487845247e-04 -2.794478533102303058e-04 7.475247464882923574e-04 2.222896136418841401e-02 -1.152699255618871987e-02 1.385669292694771570e+00
-2.725365662095560553e-04 -2.289147652598529472e-04 -4.344220483069746269e-05 1.920309115103483594e-02 -4.266075496814658585e-02 1.385937532500079783e+00
5.159214248649673408e-04 -5.383017191133212262e-04 4.560361525001820201e-04 3.983561779510887829e-02 2.154852121027883705e-02 1.387166952092528049e+00
-3.635865758002477578e-04 -7.227240857984971057e-04 -3.521841787352166376e-04 5.348165441127109010e-02 -5.096065045107622815e-02 1.381545211757440939e+00
-7.161798127689371699e-04 -9.309512155726010684e-04 3.844896260116204283e-04 6.498091814886339246e-02 -8.490695205093556908e-02 1.383695451530172704e+00
-1.064127697402812581e-03 -1.122047674339738928e-03 2.129144318226752590e-03 8.594145418493866206e-02 -1.118716430067261403e-01 1.377704477567903041e+00
-7.229379851804321275e-04 -1.196205841263870730e-03 2.146975834439252689e-03 8.940525024931340881e-02 -8.343979733518347430e-02 1.376443692147987008e+00
-1.727134351958702107e-04 -6.125406295211826462e-04 1.991388943979675863e-03 3.947927707543555376e-02 -3.243863024504367587e-02 1.368741993103313348e+00
6.733622899499294582e-04 -4.693735853569800439e-04 1.296362344882213838e-03 2.374663108251159893e-02 4.342086053556348801e-02 1.367063988764797955e+00
5.143614855817746226e-04 -2.730770519209025152e-04 1.229037469706573430e-03 6.427940690912153920e-03 2.996955343479834610e-02 1.362889734328007307e+00
3.843217052652522000e-04 -1.395409952305604344e-04 -6.585648782678382761e-04 -1.015567438434863967e-02 1.583937686618708263e-02 1.357947318367038747e+00
6.913210250232104497e-04 1.182542928116325624e-04 2.023642526221079002e-04 -3.322602735955423880e-02 4.600380867113584848e-02 1.354069261494430521e+00
6.782155118776904325e-04 2.384495732531960856e-04 -7.243547844201403581e-04 -4.268260961448794299e-02 4.526479693733032050e-02 1.352617475592779783e+00
-1.230175767809379571e-04 3.637797247853977699e-04 -1.600099904501574343e-03 -5.570023433545459590e-02 -3.359382754341089239e-02 1.349420873744676896e+00
-1.373492772379155671e-03 2.477682163179867336e-04 -4.694733050797565243e-04 -3.814244449484516242e-02 -1.541049872184796499e-01 1.343128659024671379e+00
-1.554889133742710103e-03 1.614974716889282344e-04 -1.305528942150196211e-03 -3.521805334703387302e-02 -1.781626718693372080e-01 1.342790439943897240e+00
1.307868992744952875e-03 4.809370060204174883e-05 5.313078577929660666e-04 -2.313571056772678602e-02 1.145825357213170470e-01 1.342615594476995966e+00
2.642464522234136328e-03 7.557599452693791547e-05 1.281007483654121712e-04 -2.661017927048903164e-02 2.528478279704873266e-01 1.343099807440637505e+00
1.174839594684574376e-03 -4.811427242127949130e-05 5.407062074382991326e-04 -5.919896699314364241e-03 1.061345433531541982e-01 1.338261577269747704e+00
-1.311432200572948837e-03 1.525284760781294748e-04 2.128097636909501503e-03 -3.840067519486484171e-02 -1.637853622699267930e-01 1.342429122189813029e+00
-2.116910320228902048e-03 6.218822019700401185e-04 2.360575751576072384e-03 -8.699823673056711337e-02 -2.498469803695366753e-01 1.337687238046314064e+00
-6.651652934579658323e-04 9.243769650699149064e-04 1.575978362522049070e-03 -1.261956587571025357e-01 -9.743355805176201478e-02 1.336845350064038485e+00
1.444876725724855530e-03 7.134701913751592206e-04 8.819700507966705136e-04 -1.007522551483665540e-01 1.362193547865799825e-01 1.334307050849304233e+00
2.404918128329614543e-03 6.611760102699449151e-04 -1.906869343903378920e-03 -8.965234447474951240e-02 2.437477991425018864e-01 1.332605405356162009e+00
2.202002162869156308e-03 1.081147521423068102e-03 -1.951976948915152632e-03 -1.266937383380826732e-01 2.279323227334986157e-01 1.327305622129486551e+00
2.254252533581022294e-04 1.415309452105819590e-03 -3.036522528143196110e-03 -1.639271389201573115e-01 3.688128470269891324e-03 1.331408098863590794e+00
-2.171633909703667067e-03 1.435371656894736045e-03 -1.426910590069130260e-03 -1.674093579461567449e-01 -2.706813152184799343e-01 1.328820837447722170e+00
-2.435440714117802306e-03 1.070165881934644981e-03 -8.589315302364011794e-05 -1.248926026162967551e-01 -3.022874722810033887e-01 1.329975950337612289e+00
-6.925192352234743262e-04 7.863141524467624419e-04 9.988160812884562447e-04 -9.193214291002366201e-02 -9.554249823774507711e-02 1.332369937557373873e+00
7.526940651085682089e-04 1.017347365450927158e-03 -5.134732726045097883e-04 -1.234751802948766408e-01 6.932751449539353850e-02 1.344229420084985804e+00
4.727840965392886806e-04 1.234290386303225819e-03 -1.767550502545921871e-03 -1.597961627385727224e-01 2.191749791007957526e-02 1.364349818727248476e+00
3.695565135634903422e-04 1.134435159820210278e-03 -2.033569849466443629e-03 -1.436165111296254793e-01 1.531158494558004790e-02 1.356073912664044201e+00
1.073759857680030814e-03 1.111736267429840530e-03 -7.597498665042652513e-04 -1.421156195008826950e-01 1.021520442655452499e-01 1.360986330972139058e+00
5.651084274331578082e-04 1.086316188070373659e-03 -1.096540381341945232e-03 -1.354830753724827197e-01 4.422545270813471596e-02 1.354285878632268236e+00
2.818106819607571392e-04 9.075005847525174528e-04 8.362255957304764618e-04 -1.230267861140360575e-01 -3.788548574019667825e-03 1.355596164871599285e+00
-7.755068738339645227e-04 7.731331864656865996e-04 5.292065926222384474e-04 -1.007197635843086747e-01 -1.311212823050034171e-01 1.355254679640069071e+00
-1.504428999044532794e-03 8.498738970079646642e-04 9.728672503088155394e-04 -1.140360957832769473e-01 -2.285896565601446273e-01 1.354125362950526323e+00
-5.495131686872766397e-05 3.220462970116706692e-04 9.968649876160916388e-04 -3.990674262800941730e-02 -3.301544849421667038e-02 1.348440658210904530e+00
-3.610045651408844494e-04 -1.652354030735027359e-05 2.079329578627217741e-03 2.292363500636052098e-03 -7.480222852115936405e-02 1.353257044982143498e+00
-5.059799221412905612e-04 -3.177644668567430994e-04 1.671109836982896451e-03 3.938832985723800251e-02 -1.017704169568327544e-01 1.350792892393201328e+00
3.805718718850007874e-04 -5.374090387085155365e-04 1.508384143431634608e-03 6.794182550630789574e-02 1.646962654160732953e-02 1.354307877163421381e+00
9.062386660449118700e-05 -1.249756463469380800e-03 1.592773886535427987e-03 1.678472618411985251e-01 -1.473811402612046351e-02 1.346873869342999797e+00
-9.996629342975634804e-04 -1.065723752567557291e-03 1.261484084361449032e-03 1.433764017316154216e-01 -1.649838502490328374e-01 1.350217233004741502e+00
-3.001936529711265273e-04 -1.014173076232255692e-03 1.568675556808652415e-03 1.373623600302054104e-01 -6.763930392109518408e-02 1.350075690080643653e+00
9.373086327408472983e-05 -1.297706864333949715e-03 7.491943053537052219e-04 1.765244325589566676e-01 -1.959262764382252442e-02 1.351227448120823738e+00
4.625769524231559916e-04 -1.251857055941634237e-03 2.620451711456593061e-04 1.731466182471702586e-01 3.844709303814974888e-02 1.351090644386545137e+00
5.012774638039720673e-04 -1.039446267442347208e-03 3.798846731102130587e-04 1.430369051197881158e-01 4.610036688626317769e-02 1.349453823400267538e+00
1.782821171326509592e-03 -9.811887284356620754e-04 1.631129428238264120e-03 1.329296229692461528e-01 2.298785224487120971e-01 1.352886823183780507e+00
1.464905977469494738e-03 -1.119103843172531126e-03 5.526109410080226256e-03 1.462337447875040608e-01 1.842748478944327140e-01 1.347580551489841127e+00
-2.792743107126556632e-03 -1.129604543326960661e-03 6.799930739889911528e-03 1.474610661220304153e-01 -4.420195887132587487e-01 1.347113543313497530e+00
-9.198738493440942760e-04 -1.451518322628925694e-03 7.642294664875299778e-03 1.975707314612954457e-01 -1.580446507169228632e-01 1.347846967149365582e+00
2.432932358258651975e-03 -1.175880950281926523e-03 3.323495170693635103e-03 1.611641208253211111e-01 3.358682908960868296e-01 1.352259869851678786e+00
3.998098602071983691e-03 2.475081191900551942e-04 8.304861764542724348e-05 -4.670625683568691011e-02 5.753124217438547738e-01 1.354756451561115682e+00
1.757544334035272739e-03 8.778803692057033812e-04 -3.543569941922627455e-03 -1.399419403151133112e-01 2.294196991747257108e-01 1.349928514536259172e+00
-1.547917512616479592e-05 7.540431701579511283e-04 -2.529135862743303619e-04 -1.213211860139522535e-01 -3.258196780985800345e-02 1.346620538606543960e+00
-3.144258044585446915e-03 6.017441228572139623e-04 2.729493383064112919e-03 -9.804690648076674897e-02 -5.146598376197850655e-01 1.340862910110388384e+00
-3.240589045448244009e-03 4.787815478741633637e-04 5.454244368127379727e-03 -7.939263762618536946e-02 -5.277766305913482725e-01 1.342030274768859499e+00
-7.049521093874890933e-04 1.946704797505210967e-06 4.156914002499009948e-03 -2.808949797372672919e-04 -1.318364903630371288e-01 1.347155294197477815e+00
-3.649970892657812787e-04 -5.730343462858426547e-05 1.796718453832360030e-03 1.303081731942651311e-02 -7.926834884550082450e-02 1.345762568094926337e+00
-3.892467379096380630e-04 8.088100888851585410e-04 -1.555442443076947940e-03 -1.192918393720198145e-01 -8.837360928280535433e-02 1.349003993793786549e+00
3.215250587027797475e-04 1.205728121383393666e-03 -3.940860333585506463e-03 -1.825306738001806761e-01 2.653092819054014839e-02 1.350224972011119462e+00
2.371995643096057749e-03 9.393172933596339539e-04 -3.437361853235000337e-03 -1.358764628362909010e-01 3.580361958991278293e-01 1.357309805988535345e+00
8.230874665122871496e-04 7.547950535061102948e-04 -2.842005291700628808e-03 -1.077754413411215473e-01 1.104888230259697401e-01 1.353232244559166020e+00
-1.359316981120489709e-03 3.924989796739625811e-04 -2.003078287921164925e-03 -5.069041036757293561e-02 -2.507139695842948157e-01 1.354466790114855712e+00
1.861097128038327532e-04 -2.291913564311392505e-04 -1.639038722783613122e-03 5.335283015585301492e-02 3.833416499516406617e-03 1.361635842551066844e+00
2.406859843854555585e-03 -4.861755931980981586e-04 -1.929019236350535196e-03 9.472347373776329738e-02 3.792993509043993683e-01 1.367818918791641636e+00
2.894524221603653278e-03 -4.941497727705570055e-04 -3.499873701331406278e-03 9.821654509182836668e-02 4.613891838943438017e-01 1.368907627842702368e+00
1.281674900880795751e-03 -1.724207392271401187e-04 -4.902512027675318129e-03 7.210579184281368237e-02 1.983099539528456745e-01 1.368247990545455650e+00
-8.672183245998133947e-04 3.169581461153283836e-04 -4.588916423468734213e-03 -1.845389902616484390e-02 -1.792408638624380934e-01 1.366089857516726624e+00
-2.495701614919195333e-03 5.393294169753287898e-04 -3.313582345548122046e-03 -7.438532343928594415e-02 -4.602178375254233345e-01 1.369274709300185577e+00
-1.978279665838556054e-03 1.289713518871830162e-04 -3.504306051217082659e-04 -2.536394938013719624e-03 -3.684818737103778830e-01 1.373881838335819339e+00
-1.328755603556584309e-03 -7.832731110928233291e-04 2.862880428382902874e-03 1.482456162437391090e-01 -2.385670682245124574e-01 1.373092341161509466e+00
1.579873750815044065e-04 -1.673080211911897718e-03 2.556123124765161299e-03 3.088333147635783926e-01 2.028843336410091069e-02 1.376783334792150981e+00
4.111193038024289412e-03 -2.061998600303605652e-03 4.156724044372852710e-04 3.757542914757022179e-01 7.185749231134646031e-01 1.396289202778461913e+00
4.508473874236422659e-03 -1.488885852529810540e-03 -1.067178832631702308e-03 2.771293724955460336e-01 7.924767861400874303e-01 1.395625433472901022e+00
9.190553186679276598e-04 -5.646125731395623204e-04 -4.781503437512971480e-03 1.126945000930437701e-01 1.393775072690797145e-01 1.391498665210946228e+00
-1.392484142647103370e-03 -9.694569740304793699e-05 -4.066045429287107500e-03 2.520685593570354266e-02 -2.829047350132900540e-01 1.390008293731625599e+00
-3.070927830866425779e-03 2.917288917243945705e-04 -1.708892734204464636e-03 -4.452229374527183481e-02 -5.908180269795311190e-01 1.386711738204013500e+00
-2.174443123574491214e-03 4.196872073249100291e-04 -7.865337453185058730e-04 -7.039356343081451528e-02 -4.318099587465460409e-01 1.392912234381299186e+00
-8.138622413655084665e-04 8.126843138435009789e-05 6.423800970980983460e-04 -1.742670191227202459e-02 -1.818735648387539428e-01 1.398946176446031586e+00
-7.795704344919178594e-04 -5.757725719712127456e-05 1.494721034190112617e-03 8.123700288794610813e-03 -1.747088203412392460e-01 1.402096898373912381e+00
-4.352292544898797751e-04 -1.074062661908390562e-05 2.587296208198938772e-03 -2.168875666316349982e-03 -1.107120351239245792e-01 1.406610101467094864e+00
-7.610961846318764266e-06 3.783715365560735107e-04 2.663209942449260275e-03 -7.894622445439014591e-02 -3.139234396294288132e-02 1.408389725231870671e+00
-9.588560650175711976e-04 3.338979418977144377e-04 2.997133210501328957e-03 -7.121914854204122736e-02 -2.173597291987396929e-01 1.415246341316247936e+00
-1.801149980620658179e-03 4.129342029276270140e-04 4.073311417765058257e-03 -8.971759120793076914e-02 -3.796171620698078897e-01 1.413747539886401228e+00
-3.057143812758865485e-05 2.381362152073251710e-04 3.435646831915769445e-03 -5.912112454588813737e-02 -4.526082599545500074e-02 1.421523102757362267e+00
4.217430763849828318e-03 2.331948073883766050e-04 -1.861879211432888219e-03 -4.330920273949034893e-02 7.970864160428785539e-01 1.436176041513675727e+00
5.600601510341608573e-03 4.947317246907825252e-04 -6.537266332938071987e-03 -8.750117639068680231e-02 1.059629196296490328e+00 1.445226454992024401e+00
4.843948134623235133e-04 1.221724798514483906e-03 -9.334759246782025136e-03 -2.289669781319717823e-01 5.131959921987983009e-02 1.434558433209616624e+00
-4.246388088815057985e-03 1.474337961513147357e-03 -8.247301074055073122e-03 -2.882530792005841280e-01 -8.984656264180173046e-01 1.424087136572097734e+00
-2.397018700692618836e-03 7.880835299790777369e-04 -1.469357883847325968e-03 -1.584547843782429244e-01 -5.119811693257347862e-01 1.429548851208409133e+00
4.840008224472238920e-05 -5.330522773514096389e-04 2.035355880822525138e-03 1.054356395958943593e-01 -1.303684059716836430e-02 1.438287454252758835e+00
-4.762484146721194617e-05 -1.166694186895807228e-03 3.091038191939137272e-03 2.334815107289314740e-01 -3.297021260864907433e-02 1.448270325455268903e+00
7.641469014033680973e-05 -1.125283577406753846e-03 2.478582757334979458e-03 2.260224782238841046e-01 -5.231751002076290291e-03 1.450390312565048134e+00
8.747134636304204581e-04 -5.187663102089304151e-04 -3.648166340648393278e-04 1.089521207327686647e-01 1.590790797294956427e-01 1.458783389795058838e+00
-1.408457581957216036e-04 -1.050750773067188126e-04 -1.444910925456152672e-03 2.239987412372129727e-02 -6.472340258909570210e-02 1.461226691377817133e+00
-9.820386064218708001e-04 -1.148348708677390931e-04 -1.250206335229166058e-03 2.346203233250210296e-02 -2.412598676074995119e-01 1.456905324368307220e+00
1.355901163439891246e-04 -2.368651219560910894e-04 5.879075511554381636e-04 4.403714813450099186e-02 -7.160078592469698577e-03 1.469492132861944356e+00
1.400154647413749806e-03 -4.058633409095633963e-04 4.184088896927214011e-04 8.559677179913177669e-02 2.688745308585143157e-01 1.477855167277709825e+00
9.603081897247687138e-05 -1.955624195414420964e-04 7.500197199181240192e-04 4.091516799264238724e-02 -6.056555976203359393e-03 1.475541317990092693e+00
-3.467285480124182454e-04 -4.464599025444213228e-04 -3.523239355844051766e-04 9.400894809053667034e-02 -1.061443369740273646e-01 1.479271686825143206e+00
5.454723509409917324e-04 -3.467551103904595463e-04 -3.324225448249128423e-05 6.970224770727689867e-02 8.744699992628657270e-02 1.479592576190810860e+00
2.698606323415197170e-04 -2.001062530093571969e-04 -5.095117913207678043e-05 4.006386812745299508e-02 2.604020376936988512e-02 1.487226279123746053e+00
-6.049891800013499027e-05 -3.434790165767662141e-04 -1.099234030541122080e-03 7.628576140084564194e-02 -4.241523579559469681e-02 1.484003873635174386e+00
4.035064357229179062e-04 -3.457521557867240759e-04 3.566952222253086022e-04 7.423346956356446924e-02 6.155996209826453125e-02 1.491255663465494763e+00
-1.150873311371539701e-04 -2.623455094478360046e-04 -5.034806331816542952e-04 5.943068972737985955e-02 -5.267318508437712765e-02 1.489856744456858451e+00
-1.375934251123805822e-04 -1.067100829757937163e-04 9.433213803102588743e-04 2.064646195405511753e-02 -6.187661343898165356e-02 1.490583838916165860e+00
6.367961565148648907e-04 1.043366215493736542e-04 1.254588778488522184e-03 -2.909984423109118756e-02 1.187419196341918948e-01 1.493480482184139646e+00
-3.500845464496769757e-04 1.657486869140122835e-04 1.131841494674709365e-03 -4.056219685136103204e-02 -1.039238376677142917e-01 1.492836269502390678e+00
-7.485807022943875670e-04 1.986096604800559643e-04 1.589058750522199257e-03 -5.022630903040553596e-02 -1.983504338013584167e-01 1.493632275304577206e+00
-4.347467122866761620e-04 -8.192757700394728382e-06 1.584783476375603497e-04 1.866946924154233578e-03 -1.296680613956624484e-01 1.493938876278008365e+00
1.582051624160687336e-04 -8.416749970576058496e-05 -3.762565786051010031e-04 1.876153525146434520e-02 4.172504251837239053e-03 1.501891922131676438e+00
1.235440851544540369e-03 2.175081309460800071e-04 -6.897881370832003580e-04 -5.018164361630356174e-02 2.568553014153227565e-01 1.510873019495079461e+00
-7.927829240153017867e-04 5.345188131451664290e-04 -1.271415558878891431e-03 -1.245463930273725262e-01 -2.214193202184908671e-01 1.501858859502505084e+00
-2.422790287476450817e-03 6.538053400679103878e-04 -3.139033816547729771e-04 -1.561362826661696623e-01 -6.101372511047231662e-01 1.500594387926867057e+00
-3.828002421899515052e-04 5.135360647971387756e-04 2.694737701487327102e-04 -1.236084460083273218e-01 -1.215241366281745172e-01 1.509097841482997637e+00
1.594734950310618604e-03 4.692310957661668274e-04 -2.512852165450616304e-04 -1.120057116318149970e-01 3.531194865676114958e-01 1.523150296908198698e+00
1.366919618250464138e-03 5.461230153154471821e-04 3.208282873786702299e-05 -1.306583197908676164e-01 3.017790112171141459e-01 1.520685467088895848e+00
-4.556161995242758410e-04 3.118546336033001698e-04 -1.028725833546809349e-03 -6.927340435856488288e-02 -1.388487069184343170e-01 1.519032308217049376e+00
-9.386560887348760615e-04 6.587797209679268956e-05 4.926229192106439765e-04 -1.340635953199326158e-02 -2.581715620554723145e-01 1.520545815714342552e+00
-7.411393499968845899e-04 -3.042597252372971663e-04 -7.800889384476948412e-05 7.945697340168789147e-02 -2.097716704287924117e-01 1.517416388404797090e+00
-3.315215249299005313e-04 -2.245482720181388137e-04 -3.261286338768863832e-04 5.988486200683046379e-02 -1.115782223862469280e-01 1.526812668408240370e+00
-9.763688336151955089e-05 4.065052374905738089e-05 -1.465728707487675125e-03 -7.235779230285732666e-04 -4.924891355051563835e-02 1.527256969757729621e+00
-3.113920922224415190e-05 2.041661705050321139e-04 -9.799181467312295755e-04 -4.398324998389002705e-02 -3.263081437519232963e-02 1.532685612597674663e+00
-2.611754790355538515e-05 -1.126997722125301800e-04 -6.003293640464034062e-04 3.468086149765287063e-02 -2.954910817280076429e-02 1.531429246278008804e+00
-3.153412563953746192e-04 1.380254165935502456e-05 1.578748185297712547e-03 -6.028311088302429344e-03 -1.064474822544116961e-01 1.533073682087689349e+00
-9.011865889348350369e-04 -9.279103260245120184e-05 1.499266690021166474e-03 2.158079984382982319e-02 -2.575451750328818790e-01 1.534208973147485722e+00
-1.011373399314556771e-03 6.864879050984956654e-05 2.824722059321926708e-03 -2.374584488105152547e-02 -2.863893516883306845e-01 1.534524033601485371e+00
7.812729157173937955e-04 -3.178465634106287445e-04 1.538509277404524452e-03 8.143820499443116256e-02 1.790006933690309054e-01 1.538725582367192146e+00
1.415054107529700863e-03 -2.807788457481751889e-04 1.224263094864702639e-03 7.301369887181169416e-02 3.460773571892232781e-01 1.544874332044742005e+00
-1.802440502489354368e-03 5.792559788463203874e-04 1.950994494386629457e-03 -1.572527108623560654e-01 -5.027103180551737438e-01 1.530021826351230629e+00
-2.524166120833853770e-03 4.494689983822475481e-04 1.057301967602605752e-03 -1.230560862566964508e-01 -6.998340274458048071e-01 1.534732067879872375e+00
1.009647350707111157e-03 1.390113874142679849e-04 1.942086070885958764e-03 -4.238091805846005977e-02 2.290081715090739323e-01 1.545783069918627461e+00
1.539055822356131436e-03 2.941931389711461078e-04 8.416415596714822960e-04 -7.950429945730846937e-02 3.757710483412504132e-01 1.547211619298195728e+00
7.802880542726235258e-05 6.427612112783198661e-04 -9.722214637477268528e-04 -1.674984830113304402e-01 -2.059903841788823797e-02 1.539619674570417374e+00
-3.877738790755445647e-04 1.080019831171513548e-03 -1.474685900709994538e-03 -2.842314493862911906e-01 -1.457548985635215288e-01 1.539336429448610488e+00
4.096401467588753039e-04 9.560622739251586335e-04 -1.701522680755080796e-03 -2.502595868119120159e-01 6.755761637759771787e-02 1.548265233104302752e+00
8.121915337086312481e-05 9.597104900380694879e-04 -1.193887336465371870e-03 -2.540026539628694180e-01 -1.539381544825335624e-02 1.542509671847085428e+00
3.567419344354731637e-04 7.889524472137436758e-04 -7.598030220531493215e-04 -2.135663895016244318e-01 4.584832383945958156e-02 1.547960185922590881e+00
6.026504202184397281e-04 8.359332616927078350e-04 -3.588745370418684071e-04 -2.243732512342758167e-01 1.238551322530057064e-01 1.544613012441857336e+00
4.644861437102869544e-04 9.064067438779993546e-04 5.369270695933013680e-04 -2.500288079921781925e-01 7.802533300726999244e-02 1.552128721365534147e+00
-1.573708516237121353e-04 8.397087160554300017e-04 5.894540617218523449e-04 -2.267101018270507584e-01 -8.185027558943147596e-02 1.549731598276935074e+00
-1.303817426666005128e-03 7.485986451035508233e-04 9.202157169542692257e-04 -2.020574099526748768e-01 -4.048544805451577133e-01 1.547358754662354841e+00
-4.072189113196907615e-04 3.464455806726967420e-04 1.419792958351770570e-03 -8.881120636163578053e-02 -1.465992570293908059e-01 1.548530326681429869e+00
2.362381233607129937e-03 6.340793710522608418e-05 6.481577521841122048e-04 -6.466162981466627713e-03 6.365730164339860053e-01 1.558068856963984672e+00
2.575448684896581002e-03 -3.552800519289132908e-04 9.136659982764521988e-04 1.110712510962055533e-01 6.985562170831762785e-01 1.569131996496082593e+00
2.990706977908340878e-04 -8.421947424051738976e-04 -3.224625094299654192e-04 2.571038750735037404e-01 4.702509993873071892e-02 1.555597338359916648e+00
-6.628278693891911195e-04 -7.116004418276207716e-04 1.610040300786229990e-03 2.099229778207039876e-01 -2.265454283198717889e-01 1.553440268917654521e+00
6.120547490561841636e-04 -1.013330049761477494e-03 -1.037693754357198276e-04 3.070852585990749284e-01 1.435512961441398616e-01 1.562624503445135815e+00
2.687370813022526487e-04 -5.599684880901816507e-04 -2.711986259077571568e-04 1.750644959663680000e-01 4.079561972841450057e-02 1.564022680927109832e+00
-5.078891175622513585e-04 -7.095952246801616676e-04 -4.029048648181997902e-05 2.163070096038339496e-01 -1.888631164708920451e-01 1.566561523480572760e+00
-3.049302605630589452e-04 -8.512822992990281331e-04 4.443836430433862976e-04 2.562698371359570793e-01 -1.304839305232157187e-01 1.570204155990950312e+00
-7.742989641222144427e-04 -1.036811897414101477e-03 6.456674530156470727e-04 3.155100930285887895e-01 -2.603726665001904195e-01 1.574016005428347853e+00
-1.571959458860404911e-03 -5.593991256491780487e-04 -1.582280171130050596e-03 1.828500288889015890e-01 -5.023129973748519106e-01 1.578249175188602749e+00
-5.763672531904255950e-04 6.312771057818704259e-04 -5.270834139902311156e-04 -1.804512239376071525e-01 -2.054714509888055929e-01 1.581191179367806399e+00
5.255883856564291107e-04 9.712881142514433229e-04 -5.771462156202753846e-04 -2.824281225667806261e-01 1.226444871198024700e-01 1.594900872389303004e+00
4.574587841522228062e-04 3.818967280627875798e-04 1.284331418168921900e-03 -1.115973140861383633e-01 1.080122136587586823e-01 1.599106473845324672e+00
8.824679040391665043e-04 1.760415025495538281e-04 1.718213582299942975e-03 -5.045551151629441844e-02 2.336826841961894274e-01 1.604229108115589497e+00
1.944839663313354620e-03 3.022861306265908418e-04 1.644937486839792183e-03 -9.229818286526444981e-02 5.610171520163804715e-01 1.614711189758509136e+00
9.875509675413584633e-04 4.392284484323189981e-06 2.586682606589229237e-04 1.603502112403565327e-03 2.592295437532872171e-01 1.613176479214246228e+00
9.124423712493556554e-04 -2.116860849221309515e-03 -5.491775268525255589e-04 6.623619191893779234e-01 2.405149331417097969e-01 1.620534116273233849e+00
-4.140443192514655637e-04 -2.143620566530508864e-03 -9.353554065716664350e-04 6.696850407641988800e-01 -1.740696369869096927e-01 1.609931218411986720e+00
-3.158091824734367628e-03 -4.079290932469064701e-04 -1.737653104502219839e-03 1.271713015708726691e-01 -1.033200850892098899e+00 1.606649600266337075e+00
-3.282177708876123437e-03 5.005499014957851206e-04 1.231922758365159611e-03 -1.656662602028239339e-01 -1.071456278909408866e+00 1.609241279469301844e+00
-8.413619578786618028e-04 2.090255846236058451e-04 1.049600107119004998e-03 -7.295108156100102437e-02 -3.077837301860011365e-01 1.623861988342923723e+00
1.316248280292757868e-03 2.855599742465056348e-04 1.427071570496980845e-03 -9.686469609145496873e-02 3.826096278038226828e-01 1.636608946556464161e+00
-3.454471758790367590e-05 3.411376541742073545e-04 7.694701529857019776e-04 -1.118046076253609855e-01 -4.948410642969403028e-02 1.629571288317322342e+00
-4.198473364520624931e-04 1.968833058772642100e-04 -1.240696501212249826e-04 -5.943453417713741999e-02 -1.714161341110349568e-01 1.629042648687061501e+00
2.009494275873978787e-04 4.897304090785006359e-04 1.339663694437420217e-04 -1.568318986405237425e-01 2.299398138811969972e-02 1.627044879437903546e+00
5.952491899384502278e-04 4.813796919935563016e-04 -1.445127006626239314e-03 -1.447531455840158077e-01 1.542787282893609557e-01 1.632207287074322721e+00
7.534018150466563653e-04 6.714729429344056845e-04 -7.926178831855329714e-04 -2.115397648458265389e-01 2.009365018689157623e-01 1.634218562565365573e+00
-1.791408974021204380e-03 8.429649557725702206e-04 1.126051918405906972e-03 -2.738297243961208549e-01 -6.237128104152960262e-01 1.615909720719002962e+00
-1.107076347235425549e-03 1.307137167186489958e-04 8.992020332463528153e-04 -3.801127586084317861e-02 -4.012211638752400944e-01 1.619830071285036865e+00
1.468960017870402264e-03 -2.980181466262225485e-04 1.222622988177703759e-03 1.007913441192315185e-01 4.561617251251037786e-01 1.628292381786138776e+00
-1.084305222355029199e-04 1.040582770076027101e-05 -8.047659508454942838e-04 7.416573972868101272e-03 -7.736599350241846196e-02 1.619208940072439873e+00
1.342213196975448192e-03 -1.050398661733853038e-04 -2.396277066444645401e-03 5.510779330404901727e-02 4.110633504151008921e-01 1.622035811658804505e+00
4.309192517061179346e-03 -7.224214451957040872e-04 -1.216465000232376525e-03 2.561592978361378892e-01 1.404983316112162761e+00 1.638332942174713480e+00
-1.135514734847687919e-03 -8.705812017184125272e-04 -1.580345212380775870e-03 3.077201369281331034e-01 -4.230933231979578935e-01 1.604438799288345763e+00
-3.427558017103072251e-03 -8.715034155033333802e-04 -5.324524958061385401e-04 3.015461998887775663e-01 -1.201363367273078353e+00 1.587369053617919690e+00
-3.250355021305392691e-03 -1.066036625613304241e-03 -1.176778120770114464e-03 3.734818657519009544e-01 -1.137878993462765109e+00 1.598162081403927459e+00
1.256254126860352786e-03 -1.209524084014780175e-03 -4.844524440838782480e-04 4.197450148591204133e-01 4.027161250083279853e-01 1.615459789579062999e+00
2.039331701351529500e-03 -1.818716226511652269e-03 6.540582333716135968e-04 6.224560125706252167e-01 6.775785935282696570e-01 1.614566233805987849e+00
-1.564829006392255868e-03 -1.895668062086321637e-03 9.989630422612423132e-04 6.490950323485926710e-01 -5.650851095325322149e-01 1.593593668728658486e+00
-8.678810413889616283e-04 -9.947903261172637897e-04 1.625963171196813254e-03 3.321133022175704608e-01 -3.313851730778454296e-01 1.594260186708538640e+00
9.550683587554462464e-04 -4.311927065823913390e-04 2.806674405719074218e-04 1.439150926181027024e-01 3.039310810783373284e-01 1.604717073524966509e+00
8.993212030728603033e-04 -2.148005580950714216e-04 6.647297369594921002e-04 5.960397952919865155e-02 2.792184367539354284e-01 1.600801073744037240e+00
-5.734201571422701253e-05 -2.051601851276488005e-05 6.511153895499167271e-05 -3.382500845982738813e-03 -5.297541323827825721e-02 1.598227381230628907e+00
1.736712049769063230e-04 3.174319602722768468e-05 4.945314388839089099e-04 -2.689561048061129417e-02 2.370868203533227359e-02 1.592676610984653962e+00
6.005469594964686934e-04 -2.952464546845620470e-05 6.499483766963535993e-04 -4.672594865333404290e-03 1.742788535625976465e-01 1.597078146575711344e+00
6.610865785310898616e-04 -1.243058136346636953e-04 1.859798668795335319e-04 3.143272703104540988e-02 1.965714118032275692e-01 1.595654749255970728e+00
-3.582917596329749060e-04 7.241802866053750887e-05 4.955460731946822236e-04 -4.114150980011199721e-02 -1.652598100464564013e-01 1.588203723463607275e+00
1.003794610611845935e-03 7.597823387920430284e-05 -4.285737405919824521e-04 -3.747786932890886935e-02 3.239126116481276796e-01 1.598363762101030261e+00
1.219373879953957081e-03 6.878028954957443695e-05 1.522348028316646961e-03 -4.576225232928764208e-02 4.027582720517060011e-01 1.594106749424895497e+00
-1.484970830150604028e-03 1.139720445993011935e-04 1.353020315502730629e-03 -6.029834039271249335e-02 -5.775908443412154369e-01 1.587653281997006616e+00
-1.156460211598361008e-03 -1.308595436592625621e-04 1.663447370584144507e-03 2.299083528889164785e-02 -4.610497576450605095e-01 1.589161180774226523e+00
6.971566712115692807e-04 5.291934885226938420e-05 5.504178394724031434e-04 -3.492451432407167600e-02 2.208788559710193056e-01 1.602339901440871017e+00
8.758469872577419237e-04 3.772149095466151183e-04 -1.113117770279088616e-03 -1.496266131369089203e-01 2.805980941922925354e-01 1.611890135657688461e+00
-1.252859388540184015e-03 4.785569307857397061e-04 -2.009647635706411813e-03 -1.798213971693673752e-01 -4.997962210922874959e-01 1.579929173352525140e+00
-2.966653234830163538e-04 5.008673021574489102e-04 -1.335270654213466550e-03 -1.963156797522170871e-01 -1.539681238204950731e-01 1.637912230324843676e+00
2.500522413994586473e-04 3.698752435132003592e-04 -4.019983586538267801e-04 -1.496953721203813925e-01 5.514273730745156143e-02 1.611674204158020984e+00
7.965364267436082562e-04 2.354106717443582152e-04 1.809251428740718060e-04 -1.036207920781127001e-01 2.599886857614954749e-01 1.561676253285725124e+00
2.448716244121783422e-04 2.821344942705053494e-04 -1.614250194579794513e-04 -1.154260483254966330e-01 5.758582632988584749e-02 1.607970897496954876e+00
5.355371467939162888e-05 2.250802308132346342e-04 -3.820459384100975860e-04 -8.993265867457489460e-02 -1.495609323931379464e-02 1.605931457741974100e+00
-1.188555912171040545e-04 3.119496710789306567e-04 -1.152435192131991354e-03 -1.176656453905160216e-01 -7.928706442678734589e-02 1.613256792194306399e+00
-7.221785426652667502e-04 3.243803138441729073e-04 -1.291980032662178599e-03 -1.234508875969232977e-01 -3.118003159297035864e-01 1.607750607451862379e+00
6.143826439985995789e-04 2.681449108744060118e-04 -1.152900532883074577e-03 -1.020191481132884381e-01 1.975286669876110679e-01 1.625193958171166742e+00
5.847756878475934969e-04 2.702378632657573211e-04 -8.639990974593642070e-04 -1.050103989366093504e-01 1.876151783982518140e-01 1.614812853614580490e+00
-9.564406893781177935e-05 3.266049116836355730e-04 -7.462026838265358245e-04 -1.273160823566535371e-01 -7.508667270872582122e-02 1.615782427802628263e+00
-9.196385399775709778e-04 2.537804429312183409e-04 -1.244446811327049344e-03 -9.443549191046746172e-02 -3.911478535676851109e-01 1.611025675028997739e+00
-7.179990502136140637e-04 3.907744996710075689e-04 -1.124941909249638000e-03 -1.476658367120860793e-01 -3.121840023703699174e-01 1.614709904610549529e+00
6.670039987978614721e-04 3.867336749775218989e-04 -6.623833588422296977e-04 -1.489227033190839711e-01 2.284035629320380067e-01 1.635101591205852856e+00
-1.440455943118887177e-04 2.521757921078421989e-04 -2.218460454131247344e-05 -9.865618085241384394e-02 -9.195864725883584612e-02 1.620845314862719988e+00
